#1 Substructure containing monopile, transition piece and equivalent beam
r        	m        	x_cg     	y_cg     	ri_x     	ri_y     	x_sh     	y_sh     	E        	G        	I_x      	I_y      	I_p      	k_x      	k_y      	A        	pitch    	x_e      	y_e      
$1 102
0.000    	9617.986 	0.000    	0.000    	1.379    	1.379    	0.000    	0.000    	210000000000.000	80769230769.231	2.331    	2.331    	4.662    	0.500    	0.500    	1.225    	0.000    	0.000    	0.000    
2.260    	9617.986 	0.000    	0.000    	1.379    	1.379    	0.000    	0.000    	210000000000.000	80769230769.231	2.331    	2.331    	4.662    	0.500    	0.500    	1.225    	0.000    	0.000    	0.000    
3.500    	9617.986 	0.000    	0.000    	1.379    	1.379    	0.000    	0.000    	210000000000.000	80769230769.231	2.331    	2.331    	4.662    	0.500    	0.500    	1.225    	0.000    	0.000    	0.000    
4.740    	9617.986 	0.000    	0.000    	1.379    	1.379    	0.000    	0.000    	210000000000.000	80769230769.231	2.331    	2.331    	4.662    	0.500    	0.500    	1.225    	0.000    	0.000    	0.000    
6.789    	9617.986 	0.000    	0.000    	1.379    	1.379    	0.000    	0.000    	210000000000.000	80769230769.231	2.331    	2.331    	4.662    	0.500    	0.500    	1.225    	0.000    	0.000    	0.000    
8.838    	9617.986 	0.000    	0.000    	1.379    	1.379    	0.000    	0.000    	210000000000.000	80769230769.231	2.331    	2.331    	4.662    	0.500    	0.500    	1.225    	0.000    	0.000    	0.000    
10.838   	7259.730 	0.000    	0.000    	1.388    	1.388    	0.000    	0.000    	210000000000.000	80769230769.231	1.782    	1.782    	3.563    	0.500    	0.500    	0.925    	0.000    	0.000    	0.000    
12.838   	7259.730 	0.000    	0.000    	1.388    	1.388    	0.000    	0.000    	210000000000.000	80769230769.231	1.782    	1.782    	3.563    	0.500    	0.500    	0.925    	0.000    	0.000    	0.000    
14.838   	6021.254 	0.000    	0.000    	1.392    	1.392    	0.000    	0.000    	210000000000.000	80769230769.231	1.487    	1.487    	2.975    	0.500    	0.500    	0.767    	0.000    	0.000    	0.000    
16.838   	6021.254 	0.000    	0.000    	1.392    	1.392    	0.000    	0.000    	210000000000.000	80769230769.231	1.487    	1.487    	2.975    	0.500    	0.500    	0.767    	0.000    	0.000    	0.000    
18.838   	6307.796 	0.000    	0.000    	1.391    	1.391    	0.000    	0.000    	210000000000.000	80769230769.231	1.556    	1.556    	3.111    	0.500    	0.500    	0.804    	0.000    	0.000    	0.000    
20.838   	6307.796 	0.000    	0.000    	1.391    	1.391    	0.000    	0.000    	210000000000.000	80769230769.231	1.556    	1.556    	3.111    	0.500    	0.500    	0.804    	0.000    	0.000    	0.000    
22.838   	6689.161 	0.000    	0.000    	1.390    	1.390    	0.000    	0.000    	210000000000.000	80769230769.231	1.646    	1.646    	3.293    	0.500    	0.500    	0.852    	0.000    	0.000    	0.000    
24.838   	6689.161 	0.000    	0.000    	1.390    	1.390    	0.000    	0.000    	210000000000.000	80769230769.231	1.646    	1.646    	3.293    	0.500    	0.500    	0.852    	0.000    	0.000    	0.000    
26.838   	7544.348 	0.000    	0.000    	1.387    	1.387    	0.000    	0.000    	210000000000.000	80769230769.231	1.849    	1.849    	3.697    	0.500    	0.500    	0.961    	0.000    	0.000    	0.000    
28.838   	7544.348 	0.000    	0.000    	1.387    	1.387    	0.000    	0.000    	210000000000.000	80769230769.231	1.849    	1.849    	3.697    	0.500    	0.500    	0.961    	0.000    	0.000    	0.000    
30.838   	8678.383 	0.000    	0.000    	1.383    	1.383    	0.000    	0.000    	210000000000.000	80769230769.231	2.114    	2.114    	4.228    	0.500    	0.500    	1.106    	0.000    	0.000    	0.000    
32.838   	8678.383 	0.000    	0.000    	1.383    	1.383    	0.000    	0.000    	210000000000.000	80769230769.231	2.114    	2.114    	4.228    	0.500    	0.500    	1.106    	0.000    	0.000    	0.000    
34.838   	10272.773	0.000    	0.000    	1.377    	1.377    	0.000    	0.000    	210000000000.000	80769230769.231	2.481    	2.481    	4.962    	0.500    	0.500    	1.309    	0.000    	0.000    	0.000    
36.838   	10272.773	0.000    	0.000    	1.377    	1.377    	0.000    	0.000    	210000000000.000	80769230769.231	2.481    	2.481    	4.962    	0.500    	0.500    	1.309    	0.000    	0.000    	0.000    
38.838   	10645.853	0.000    	0.000    	1.376    	1.376    	0.000    	0.000    	210000000000.000	80769230769.231	2.566    	2.566    	5.132    	0.500    	0.500    	1.356    	0.000    	0.000    	0.000    
40.838   	10645.853	0.000    	0.000    	1.376    	1.376    	0.000    	0.000    	210000000000.000	80769230769.231	2.566    	2.566    	5.132    	0.500    	0.500    	1.356    	0.000    	0.000    	0.000    
42.838   	11018.143	0.000    	0.000    	1.374    	1.374    	0.000    	0.000    	210000000000.000	80769230769.231	2.650    	2.650    	5.301    	0.500    	0.500    	1.404    	0.000    	0.000    	0.000    
44.838   	11018.143	0.000    	0.000    	1.374    	1.374    	0.000    	0.000    	210000000000.000	80769230769.231	2.650    	2.650    	5.301    	0.500    	0.500    	1.404    	0.000    	0.000    	0.000    
46.838   	12037.871	0.000    	0.000    	1.370    	1.370    	0.000    	0.000    	210000000000.000	80769230769.231	2.880    	2.880    	5.760    	0.500    	0.500    	1.533    	0.000    	0.000    	0.000    
48.838   	12037.871	0.000    	0.000    	1.370    	1.370    	0.000    	0.000    	210000000000.000	80769230769.231	2.880    	2.880    	5.760    	0.500    	0.500    	1.533    	0.000    	0.000    	0.000    
50.419   	12389.788	0.000    	0.000    	1.429    	1.429    	0.000    	0.000    	210000000000.000	80769230769.231	3.092    	3.092    	6.181    	0.500    	0.500    	1.578    	0.000    	0.000    	0.000    
52.000   	12908.807	0.000    	0.000    	1.487    	1.487    	0.000    	0.000    	210000000000.000	80769230769.231	3.497    	3.497    	6.990    	0.500    	0.500    	1.644    	0.000    	0.000    	0.000    
53.750   	12631.450	0.000    	0.000    	1.555    	1.555    	0.000    	0.000    	210000000000.000	80769230769.231	3.731    	3.731    	7.458    	0.500    	0.500    	1.609    	0.000    	0.000    	0.000    
55.500   	13169.761	0.000    	0.000    	1.620    	1.620    	0.000    	0.000    	210000000000.000	80769230769.231	4.228    	4.228    	8.452    	0.500    	0.500    	1.678    	0.000    	0.000    	0.000    
57.250   	12921.050	0.000    	0.000    	1.687    	1.687    	0.000    	0.000    	210000000000.000	80769230769.231	4.507    	4.507    	9.010    	0.500    	0.500    	1.646    	0.000    	0.000    	0.000    
59.000   	13427.695	0.000    	0.000    	1.752    	1.752    	0.000    	0.000    	210000000000.000	80769230769.231	5.058    	5.058    	10.112   	0.500    	0.500    	1.711    	0.000    	0.000    	0.000    
60.000   	13705.067	0.000    	0.000    	1.789    	1.789    	0.000    	0.000    	210000000000.000	80769230769.231	5.473    	5.473    	10.946   	0.500    	0.500    	1.746    	0.000    	0.000    	0.000    
62.500   	14207.189	0.000    	0.000    	1.882    	1.882    	0.000    	0.000    	210000000000.000	80769230769.231	6.100    	6.100    	12.193   	0.500    	0.500    	1.810    	0.000    	0.000    	0.000    
64.250   	14816.910	0.000    	0.000    	1.947    	1.947    	0.000    	0.000    	210000000000.000	80769230769.231	6.917    	6.917    	13.831   	0.500    	0.500    	1.888    	0.000    	0.000    	0.000    
66.000   	15319.033	0.000    	0.000    	2.011    	2.011    	0.000    	0.000    	210000000000.000	80769230769.231	7.644    	7.644    	15.284   	0.500    	0.500    	1.951    	0.000    	0.000    	0.000    
67.750   	15821.156	0.000    	0.000    	2.076    	2.076    	0.000    	0.000    	210000000000.000	80769230769.231	8.421    	8.421    	16.837   	0.500    	0.500    	2.015    	0.000    	0.000    	0.000    
69.500   	16323.278	0.000    	0.000    	2.141    	2.141    	0.000    	0.000    	210000000000.000	80769230769.231	9.248    	9.248    	18.491   	0.500    	0.500    	2.079    	0.000    	0.000    	0.000    
71.250   	16676.532	0.000    	0.000    	2.206    	2.206    	0.000    	0.000    	210000000000.000	80769230769.231	10.041   	10.041   	20.077   	0.500    	0.500    	2.124    	0.000    	0.000    	0.000    
73.000   	17174.131	0.000    	0.000    	2.271    	2.271    	0.000    	0.000    	210000000000.000	80769230769.231	10.966   	10.966   	21.928   	0.500    	0.500    	2.188    	0.000    	0.000    	0.000    
74.750   	17513.765	0.000    	0.000    	2.336    	2.336    	0.000    	0.000    	210000000000.000	80769230769.231	11.844   	11.844   	23.683   	0.500    	0.500    	2.231    	0.000    	0.000    	0.000    
76.500   	18006.840	0.000    	0.000    	2.401    	2.401    	0.000    	0.000    	210000000000.000	80769230769.231	12.872   	12.872   	25.740   	0.500    	0.500    	2.294    	0.000    	0.000    	0.000    
78.250   	18332.855	0.000    	0.000    	2.466    	2.466    	0.000    	0.000    	210000000000.000	80769230769.231	13.837   	13.837   	27.668   	0.500    	0.500    	2.335    	0.000    	0.000    	0.000    
80.000   	18821.406	0.000    	0.000    	2.531    	2.531    	0.000    	0.000    	210000000000.000	80769230769.231	14.972   	14.972   	29.939   	0.500    	0.500    	2.398    	0.000    	0.000    	0.000    
81.750   	19486.065	0.000    	0.000    	2.596    	2.596    	0.000    	0.000    	210000000000.000	80769230769.231	16.311   	16.311   	32.617   	0.500    	0.500    	2.482    	0.000    	0.000    	0.000    
83.500   	19979.140	0.000    	0.000    	2.660    	2.660    	0.000    	0.000    	210000000000.000	80769230769.231	17.581   	17.581   	35.156   	0.500    	0.500    	2.545    	0.000    	0.000    	0.000    
85.250   	20657.320	0.000    	0.000    	2.725    	2.725    	0.000    	0.000    	210000000000.000	80769230769.231	19.081   	19.081   	38.156   	0.500    	0.500    	2.632    	0.000    	0.000    	0.000    
87.000   	21154.919	0.000    	0.000    	2.790    	2.790    	0.000    	0.000    	210000000000.000	80769230769.231	20.493   	20.493   	40.979   	0.500    	0.500    	2.695    	0.000    	0.000    	0.000    
89.900   	21595.560	0.000    	0.000    	2.789    	2.789    	0.000    	0.000    	210000000000.000	80769230769.231	21.406   	21.406   	42.812   	0.500    	0.500    	2.751    	0.000    	0.000    	0.000    
90.000   	21595.560	0.000    	0.000    	2.789    	2.789    	0.000    	0.000    	210000000000.000	80769230769.231	21.406   	21.406   	42.812   	0.500    	0.500    	2.751    	0.000    	0.000    	0.000    
91.950   	21595.560	0.000    	0.000    	2.789    	2.789    	0.000    	0.000    	210000000000.000	80769230769.231	21.406   	21.406   	42.812   	0.500    	0.500    	2.751    	0.000    	0.000    	0.000    
93.900   	21595.560	0.000    	0.000    	2.789    	2.789    	0.000    	0.000    	210000000000.000	80769230769.231	21.406   	21.406   	42.812   	0.500    	0.500    	2.751    	0.000    	0.000    	0.000    
95.000   	16784.717	0.000    	0.000    	2.798    	2.798    	0.000    	0.000    	210000000000.000	80769230769.231	16.742   	16.742   	33.483   	0.500    	0.500    	2.138    	0.000    	0.000    	0.000    
97.200   	16784.717	0.000    	0.000    	2.798    	2.798    	0.000    	0.000    	210000000000.000	80769230769.231	16.742   	16.742   	33.483   	0.500    	0.500    	2.138    	0.000    	0.000    	0.000    
97.380   	16784.717	0.000    	0.000    	2.798    	2.798    	0.000    	0.000    	210000000000.000	80769230769.231	16.742   	16.742   	33.483   	0.500    	0.500    	2.138    	0.000    	0.000    	0.000    
97.640   	16784.717	0.000    	0.000    	2.798    	2.798    	0.000    	0.000    	210000000000.000	80769230769.231	16.742   	16.742   	33.483   	0.500    	0.500    	2.138    	0.000    	0.000    	0.000    
97.900   	16784.717	0.000    	0.000    	2.798    	2.798    	0.000    	0.000    	210000000000.000	80769230769.231	16.742   	16.742   	33.483   	0.500    	0.500    	2.138    	0.000    	0.000    	0.000    
98.320   	15818.849	0.000    	0.000    	2.800    	2.800    	0.000    	0.000    	210000000000.000	80769230769.231	15.798   	15.798   	31.596   	0.500    	0.500    	2.015    	0.000    	0.000    	0.000    
98.740   	15818.849	0.000    	0.000    	2.800    	2.800    	0.000    	0.000    	210000000000.000	80769230769.231	15.798   	15.798   	31.596   	0.500    	0.500    	2.015    	0.000    	0.000    	0.000    
99.160   	15818.849	0.000    	0.000    	2.800    	2.800    	0.000    	0.000    	210000000000.000	80769230769.231	15.798   	15.798   	31.596   	0.500    	0.500    	2.015    	0.000    	0.000    	0.000    
99.580   	15818.849	0.000    	0.000    	2.800    	2.800    	0.000    	0.000    	210000000000.000	80769230769.231	15.798   	15.798   	31.596   	0.500    	0.500    	2.015    	0.000    	0.000    	0.000    
100.000  	15818.849	0.000    	0.000    	2.800    	2.800    	0.000    	0.000    	210000000000.000	80769230769.231	15.798   	15.798   	31.596   	0.500    	0.500    	2.015    	0.000    	0.000    	0.000    
100.468  	15818.849	0.000    	0.000    	2.800    	2.800    	0.000    	0.000    	210000000000.000	80769230769.231	15.798   	15.798   	31.596   	0.500    	0.500    	2.015    	0.000    	0.000    	0.000    
100.935  	15818.849	0.000    	0.000    	2.800    	2.800    	0.000    	0.000    	210000000000.000	80769230769.231	15.798   	15.798   	31.596   	0.500    	0.500    	2.015    	0.000    	0.000    	0.000    
101.403  	15818.849	0.000    	0.000    	2.800    	2.800    	0.000    	0.000    	210000000000.000	80769230769.231	15.798   	15.798   	31.596   	0.500    	0.500    	2.015    	0.000    	0.000    	0.000    
101.870  	15818.849	0.000    	0.000    	2.800    	2.800    	0.000    	0.000    	210000000000.000	80769230769.231	15.798   	15.798   	31.596   	0.500    	0.500    	2.015    	0.000    	0.000    	0.000    
101.950  	15818.849	0.000    	0.000    	2.800    	2.800    	0.000    	0.000    	210000000000.000	80769230769.231	15.798   	15.798   	31.596   	0.500    	0.500    	2.015    	0.000    	0.000    	0.000    
102.000  	15818.849	0.000    	0.000    	2.800    	2.800    	0.000    	0.000    	210000000000.000	80769230769.231	15.798   	15.798   	31.596   	0.500    	0.500    	2.015    	0.000    	0.000    	0.000    
102.255  	15818.849	0.000    	0.000    	2.800    	2.800    	0.000    	0.000    	210000000000.000	80769230769.231	15.798   	15.798   	31.596   	0.500    	0.500    	2.015    	0.000    	0.000    	0.000    
102.510  	15818.849	0.000    	0.000    	2.800    	2.800    	0.000    	0.000    	210000000000.000	80769230769.231	15.798   	15.798   	31.596   	0.500    	0.500    	2.015    	0.000    	0.000    	0.000    
103.001  	15818.849	0.000    	0.000    	2.800    	2.800    	0.000    	0.000    	210000000000.000	80769230769.231	15.798   	15.798   	31.596   	0.500    	0.500    	2.015    	0.000    	0.000    	0.000    
103.493  	15818.849	0.000    	0.000    	2.800    	2.800    	0.000    	0.000    	210000000000.000	80769230769.231	15.798   	15.798   	31.596   	0.500    	0.500    	2.015    	0.000    	0.000    	0.000    
103.984  	15818.849	0.000    	0.000    	2.800    	2.800    	0.000    	0.000    	210000000000.000	80769230769.231	15.798   	15.798   	31.596   	0.500    	0.500    	2.015    	0.000    	0.000    	0.000    
104.476  	15818.849	0.000    	0.000    	2.800    	2.800    	0.000    	0.000    	210000000000.000	80769230769.231	15.798   	15.798   	31.596   	0.500    	0.500    	2.015    	0.000    	0.000    	0.000    
104.967  	15818.849	0.000    	0.000    	2.800    	2.800    	0.000    	0.000    	210000000000.000	80769230769.231	15.798   	15.798   	31.596   	0.500    	0.500    	2.015    	0.000    	0.000    	0.000    
105.459  	15818.849	0.000    	0.000    	2.800    	2.800    	0.000    	0.000    	210000000000.000	80769230769.231	15.798   	15.798   	31.596   	0.500    	0.500    	2.015    	0.000    	0.000    	0.000    
105.950  	15818.849	0.000    	0.000    	2.800    	2.800    	0.000    	0.000    	210000000000.000	80769230769.231	15.798   	15.798   	31.596   	0.500    	0.500    	2.015    	0.000    	0.000    	0.000    
106.300  	15818.849	0.000    	0.000    	2.800    	2.800    	0.000    	0.000    	210000000000.000	80769230769.231	15.798   	15.798   	31.596   	0.500    	0.500    	2.015    	0.000    	0.000    	0.000    
106.650  	15818.849	0.000    	0.000    	2.800    	2.800    	0.000    	0.000    	210000000000.000	80769230769.231	15.798   	15.798   	31.596   	0.500    	0.500    	2.015    	0.000    	0.000    	0.000    
107.000  	15818.849	0.000    	0.000    	2.800    	2.800    	0.000    	0.000    	210000000000.000	80769230769.231	15.798   	15.798   	31.596   	0.500    	0.500    	2.015    	0.000    	0.000    	0.000    
107.438  	15818.849	0.000    	0.000    	2.800    	2.800    	0.000    	0.000    	210000000000.000	80769230769.231	15.798   	15.798   	31.596   	0.500    	0.500    	2.015    	0.000    	0.000    	0.000    
107.875  	15818.849	0.000    	0.000    	2.800    	2.800    	0.000    	0.000    	210000000000.000	80769230769.231	15.798   	15.798   	31.596   	0.500    	0.500    	2.015    	0.000    	0.000    	0.000    
108.312  	15818.849	0.000    	0.000    	2.800    	2.800    	0.000    	0.000    	210000000000.000	80769230769.231	15.798   	15.798   	31.596   	0.500    	0.500    	2.015    	0.000    	0.000    	0.000    
108.750  	15818.849	0.000    	0.000    	2.800    	2.800    	0.000    	0.000    	210000000000.000	80769230769.231	15.798   	15.798   	31.596   	0.500    	0.500    	2.015    	0.000    	0.000    	0.000    
109.700  	15818.849	0.000    	0.000    	2.800    	2.800    	0.000    	0.000    	210000000000.000	80769230769.231	15.798   	15.798   	31.596   	0.500    	0.500    	2.015    	0.000    	0.000    	0.000    
110.700  	15818.849	0.000    	0.000    	2.800    	2.800    	0.000    	0.000    	210000000000.000	80769230769.231	15.798   	15.798   	31.596   	0.500    	0.500    	2.015    	0.000    	0.000    	0.000    
111.700  	15818.849	0.000    	0.000    	2.800    	2.800    	0.000    	0.000    	210000000000.000	80769230769.231	15.798   	15.798   	31.596   	0.500    	0.500    	2.015    	0.000    	0.000    	0.000    
112.700  	15818.849	0.000    	0.000    	2.800    	2.800    	0.000    	0.000    	210000000000.000	80769230769.231	15.798   	15.798   	31.596   	0.500    	0.500    	2.015    	0.000    	0.000    	0.000    
113.700  	15818.849	0.000    	0.000    	2.800    	2.800    	0.000    	0.000    	210000000000.000	80769230769.231	15.798   	15.798   	31.596   	0.500    	0.500    	2.015    	0.000    	0.000    	0.000    
114.000  	15818.849	0.000    	0.000    	2.800    	2.800    	0.000    	0.000    	210000000000.000	80769230769.231	15.798   	15.798   	31.596   	0.500    	0.500    	2.015    	0.000    	0.000    	0.000    
114.800  	15818.849	0.000    	0.000    	2.800    	2.800    	0.000    	0.000    	210000000000.000	80769230769.231	15.798   	15.798   	31.596   	0.500    	0.500    	2.015    	0.000    	0.000    	0.000    
115.600  	15818.849	0.000    	0.000    	2.800    	2.800    	0.000    	0.000    	210000000000.000	80769230769.231	15.798   	15.798   	31.596   	0.500    	0.500    	2.015    	0.000    	0.000    	0.000    
116.500  	15818.849	0.000    	0.000    	2.800    	2.800    	0.000    	0.000    	210000000000.000	80769230769.231	15.798   	15.798   	31.596   	0.500    	0.500    	2.015    	0.000    	0.000    	0.000    
117.150  	15818.849	0.000    	0.000    	2.800    	2.800    	0.000    	0.000    	210000000000.000	80769230769.231	15.798   	15.798   	31.596   	0.500    	0.500    	2.015    	0.000    	0.000    	0.000    
117.800  	15818.849	0.000    	0.000    	2.800    	2.800    	0.000    	0.000    	210000000000.000	80769230769.231	15.798   	15.798   	31.596   	0.500    	0.500    	2.015    	0.000    	0.000    	0.000    
118.733  	15818.849	0.000    	0.000    	2.800    	2.800    	0.000    	0.000    	210000000000.000	80769230769.231	15.798   	15.798   	31.596   	0.500    	0.500    	2.015    	0.000    	0.000    	0.000    
119.667  	15818.849	0.000    	0.000    	2.800    	2.800    	0.000    	0.000    	210000000000.000	80769230769.231	15.798   	15.798   	31.596   	0.500    	0.500    	2.015    	0.000    	0.000    	0.000    
120.600  	15818.849	0.000    	0.000    	2.800    	2.800    	0.000    	0.000    	210000000000.000	80769230769.231	15.798   	15.798   	31.596   	0.500    	0.500    	2.015    	0.000    	0.000    	0.000    
121.200  	15818.849	0.000    	0.000    	2.800    	2.800    	0.000    	0.000    	210000000000.000	80769230769.231	15.798   	15.798   	31.596   	0.500    	0.500    	2.015    	0.000    	0.000    	0.000    
121.682  	15818.849	0.000    	0.000    	2.800    	2.800    	0.000    	0.000    	210000000000.000	80769230769.231	15.798   	15.798   	31.596   	0.500    	0.500    	2.015    	0.000    	0.000    	0.000    
121.805  	15818.849	0.000    	0.000    	2.800    	2.800    	0.000    	0.000    	210000000000.000	80769230769.231	15.798   	15.798   	31.596   	0.500    	0.500    	2.015    	0.000    	0.000    	0.000    
122.000  	74970.967	0.000    	0.000    	2.691    	2.691    	0.000    	0.000    	210000000000.000	80769230769.231	69.145   	69.145   	138.290  	0.500    	0.500    	9.550    	0.000    	0.000    	0.000    
