#1 Cross-sectional data for tower from interface to tower top
r        	m        	x_cg     	y_cg     	ri_x     	ri_y     	x_sh     	y_sh     	E        	G        	I_x      	I_y      	I_p      	k_x      	k_y      	A        	pitch    	x_e      	y_e      
$1 67
0.000    	9985.611 	0.000    	0.000    	2.810    	2.810    	0.000    	0.000    	210000000000.000	80769230769.231	10.023   	10.023   	20.046   	0.500    	0.500    	1.272    	0.000    	0.000    	0.000    
0.225    	9985.611 	0.000    	0.000    	2.804    	2.804    	0.000    	0.000    	210000000000.000	80769230769.231	10.023   	10.023   	20.046   	0.500    	0.500    	1.272    	0.000    	0.000    	0.000    
1.295    	9973.474 	0.000    	0.000    	2.804    	2.804    	0.000    	0.000    	210000000000.000	80769230769.231	9.987    	9.987    	19.973   	0.500    	0.500    	1.271    	0.000    	0.000    	0.000    
2.500    	9389.448 	0.000    	0.000    	2.804    	2.804    	0.000    	0.000    	210000000000.000	80769230769.231	9.407    	9.407    	18.814   	0.500    	0.500    	1.196    	0.000    	0.000    	0.000    
3.100    	9388.096 	0.000    	0.000    	2.804    	2.804    	0.000    	0.000    	210000000000.000	80769230769.231	9.403    	9.403    	18.806   	0.500    	0.500    	1.196    	0.000    	0.000    	0.000    
3.200    	9387.572 	0.000    	0.000    	2.804    	2.804    	0.000    	0.000    	210000000000.000	80769230769.231	9.401    	9.401    	18.803   	0.500    	0.500    	1.196    	0.000    	0.000    	0.000    
3.745    	9387.089 	0.000    	0.000    	2.804    	2.804    	0.000    	0.000    	210000000000.000	80769230769.231	9.400    	9.400    	18.800   	0.500    	0.500    	1.196    	0.000    	0.000    	0.000    
6.195    	9386.681 	0.000    	0.000    	2.804    	2.804    	0.000    	0.000    	210000000000.000	80769230769.231	9.399    	9.399    	18.798   	0.500    	0.500    	1.196    	0.000    	0.000    	0.000    
8.595    	8411.765 	0.000    	0.000    	2.804    	2.804    	0.000    	0.000    	210000000000.000	80769230769.231	8.428    	8.428    	16.857   	0.500    	0.500    	1.072    	0.000    	0.000    	0.000    
10.995   	7628.794 	0.000    	0.000    	2.804    	2.804    	0.000    	0.000    	210000000000.000	80769230769.231	7.643    	7.643    	15.286   	0.500    	0.500    	0.972    	0.000    	0.000    	0.000    
13.395   	7431.638 	0.000    	0.000    	2.804    	2.804    	0.000    	0.000    	210000000000.000	80769230769.231	7.442    	7.442    	14.884   	0.500    	0.500    	0.947    	0.000    	0.000    	0.000    
15.795   	7236.114 	0.000    	0.000    	2.804    	2.804    	0.000    	0.000    	210000000000.000	80769230769.231	7.246    	7.246    	14.493   	0.500    	0.500    	0.922    	0.000    	0.000    	0.000    
16.000   	7040.953 	0.000    	0.000    	2.804    	2.804    	0.000    	0.000    	210000000000.000	80769230769.231	7.052    	7.052    	14.104   	0.500    	0.500    	0.897    	0.000    	0.000    	0.000    
18.195   	7040.554 	0.000    	0.000    	2.804    	2.804    	0.000    	0.000    	210000000000.000	80769230769.231	7.051    	7.051    	14.101   	0.500    	0.500    	0.897    	0.000    	0.000    	0.000    
20.595   	6845.102 	0.000    	0.000    	2.804    	2.804    	0.000    	0.000    	210000000000.000	80769230769.231	6.855    	6.855    	13.710   	0.500    	0.500    	0.872    	0.000    	0.000    	0.000    
22.995   	6649.612 	0.000    	0.000    	2.804    	2.804    	0.000    	0.000    	210000000000.000	80769230769.231	6.659    	6.659    	13.319   	0.500    	0.500    	0.847    	0.000    	0.000    	0.000    
25.795   	6454.116 	0.000    	0.000    	2.804    	2.804    	0.000    	0.000    	210000000000.000	80769230769.231	6.464    	6.464    	12.928   	0.500    	0.500    	0.822    	0.000    	0.000    	0.000    
28.595   	6258.537 	0.000    	0.000    	2.804    	2.804    	0.000    	0.000    	210000000000.000	80769230769.231	6.268    	6.268    	12.536   	0.500    	0.500    	0.797    	0.000    	0.000    	0.000    
30.500   	6063.075 	0.000    	0.000    	2.804    	2.804    	0.000    	0.000    	210000000000.000	80769230769.231	6.072    	6.072    	12.145   	0.500    	0.500    	0.772    	0.000    	0.000    	0.000    
31.482   	6062.731 	0.000    	0.000    	2.804    	2.804    	0.000    	0.000    	210000000000.000	80769230769.231	6.071    	6.071    	12.143   	0.500    	0.500    	0.772    	0.000    	0.000    	0.000    
31.640   	6062.614 	0.000    	0.000    	2.804    	2.804    	0.000    	0.000    	210000000000.000	80769230769.231	6.071    	6.071    	12.142   	0.500    	0.500    	0.772    	0.000    	0.000    	0.000    
31.798   	6062.614 	0.000    	0.000    	2.804    	2.804    	0.000    	0.000    	210000000000.000	80769230769.231	6.071    	6.071    	12.142   	0.500    	0.500    	0.772    	0.000    	0.000    	0.000    
34.198   	6041.590 	0.000    	0.000    	2.784    	2.784    	0.000    	0.000    	210000000000.000	80769230769.231	6.008    	6.008    	12.016   	0.500    	0.500    	0.770    	0.000    	0.000    	0.000    
36.598   	5806.415 	0.000    	0.000    	2.765    	2.765    	0.000    	0.000    	210000000000.000	80769230769.231	5.695    	5.695    	11.390   	0.500    	0.500    	0.740    	0.000    	0.000    	0.000    
38.998   	5765.317 	0.000    	0.000    	2.745    	2.745    	0.000    	0.000    	210000000000.000	80769230769.231	5.575    	5.575    	11.150   	0.500    	0.500    	0.734    	0.000    	0.000    	0.000    
41.398   	5724.477 	0.000    	0.000    	2.726    	2.726    	0.000    	0.000    	210000000000.000	80769230769.231	5.457    	5.457    	10.914   	0.500    	0.500    	0.729    	0.000    	0.000    	0.000    
43.798   	5683.638 	0.000    	0.000    	2.706    	2.706    	0.000    	0.000    	210000000000.000	80769230769.231	5.341    	5.341    	10.683   	0.500    	0.500    	0.724    	0.000    	0.000    	0.000    
46.198   	5455.384 	0.000    	0.000    	2.687    	2.687    	0.000    	0.000    	210000000000.000	80769230769.231	5.055    	5.055    	10.109   	0.500    	0.500    	0.695    	0.000    	0.000    	0.000    
48.290   	5418.404 	0.000    	0.000    	2.670    	2.670    	0.000    	0.000    	210000000000.000	80769230769.231	4.953    	4.953    	9.905    	0.500    	0.500    	0.690    	0.000    	0.000    	0.000    
48.598   	5398.665 	0.000    	0.000    	2.668    	2.668    	0.000    	0.000    	210000000000.000	80769230769.231	4.899    	4.899    	9.797    	0.500    	0.500    	0.688    	0.000    	0.000    	0.000    
50.998   	5376.357 	0.000    	0.000    	2.648    	2.648    	0.000    	0.000    	210000000000.000	80769230769.231	4.838    	4.838    	9.676    	0.500    	0.500    	0.685    	0.000    	0.000    	0.000    
53.398   	5336.843 	0.000    	0.000    	2.629    	2.629    	0.000    	0.000    	210000000000.000	80769230769.231	4.732    	4.732    	9.464    	0.500    	0.500    	0.680    	0.000    	0.000    	0.000    
55.798   	5115.353 	0.000    	0.000    	2.609    	2.609    	0.000    	0.000    	210000000000.000	80769230769.231	4.470    	4.470    	8.940    	0.500    	0.500    	0.652    	0.000    	0.000    	0.000    
58.198   	5077.202 	0.000    	0.000    	2.590    	2.590    	0.000    	0.000    	210000000000.000	80769230769.231	4.371    	4.371    	8.742    	0.500    	0.500    	0.647    	0.000    	0.000    	0.000    
60.598   	5039.050 	0.000    	0.000    	2.570    	2.570    	0.000    	0.000    	210000000000.000	80769230769.231	4.273    	4.273    	8.546    	0.500    	0.500    	0.642    	0.000    	0.000    	0.000    
62.998   	5000.899 	0.000    	0.000    	2.551    	2.551    	0.000    	0.000    	210000000000.000	80769230769.231	4.177    	4.177    	8.353    	0.500    	0.500    	0.637    	0.000    	0.000    	0.000    
65.398   	4786.172 	0.000    	0.000    	2.532    	2.532    	0.000    	0.000    	210000000000.000	80769230769.231	3.938    	3.938    	7.875    	0.500    	0.500    	0.610    	0.000    	0.000    	0.000    
67.660   	4750.198 	0.000    	0.000    	2.513    	2.513    	0.000    	0.000    	210000000000.000	80769230769.231	3.850    	3.850    	7.699    	0.500    	0.500    	0.605    	0.000    	0.000    	0.000    
68.198   	4728.458 	0.000    	0.000    	2.508    	2.508    	0.000    	0.000    	210000000000.000	80769230769.231	3.797    	3.797    	7.594    	0.500    	0.500    	0.602    	0.000    	0.000    	0.000    
70.000   	4884.587 	0.000    	0.000    	2.494    	2.494    	0.000    	0.000    	210000000000.000	80769230769.231	3.892    	3.892    	7.784    	0.500    	0.500    	0.622    	0.000    	0.000    	0.000    
71.265   	4860.798 	0.000    	0.000    	2.484    	2.484    	0.000    	0.000    	210000000000.000	80769230769.231	3.835    	3.835    	7.671    	0.500    	0.500    	0.619    	0.000    	0.000    	0.000    
71.395   	4850.987 	0.000    	0.000    	2.484    	2.484    	0.000    	0.000    	210000000000.000	80769230769.231	3.812    	3.812    	7.625    	0.500    	0.500    	0.618    	0.000    	0.000    	0.000    
71.525   	4850.987 	0.000    	0.000    	2.484    	2.484    	0.000    	0.000    	210000000000.000	80769230769.231	3.812    	3.812    	7.625    	0.500    	0.500    	0.618    	0.000    	0.000    	0.000    
73.925   	4823.366 	0.000    	0.000    	2.455    	2.455    	0.000    	0.000    	210000000000.000	80769230769.231	3.748    	3.748    	7.495    	0.500    	0.500    	0.614    	0.000    	0.000    	0.000    
76.325   	4597.701 	0.000    	0.000    	2.427    	2.427    	0.000    	0.000    	210000000000.000	80769230769.231	3.491    	3.491    	6.981    	0.500    	0.500    	0.586    	0.000    	0.000    	0.000    
78.725   	4543.599 	0.000    	0.000    	2.398    	2.398    	0.000    	0.000    	210000000000.000	80769230769.231	3.369    	3.369    	6.738    	0.500    	0.500    	0.579    	0.000    	0.000    	0.000    
81.125   	4324.279 	0.000    	0.000    	2.370    	2.370    	0.000    	0.000    	210000000000.000	80769230769.231	3.132    	3.132    	6.264    	0.500    	0.500    	0.551    	0.000    	0.000    	0.000    
83.525   	4272.598 	0.000    	0.000    	2.342    	2.342    	0.000    	0.000    	210000000000.000	80769230769.231	3.021    	3.021    	6.042    	0.500    	0.500    	0.544    	0.000    	0.000    	0.000    
85.925   	4221.238 	0.000    	0.000    	2.313    	2.313    	0.000    	0.000    	210000000000.000	80769230769.231	2.913    	2.913    	5.827    	0.500    	0.500    	0.538    	0.000    	0.000    	0.000    
88.725   	4165.389 	0.000    	0.000    	2.280    	2.280    	0.000    	0.000    	210000000000.000	80769230769.231	2.799    	2.799    	5.598    	0.500    	0.500    	0.531    	0.000    	0.000    	0.000    
91.300   	4107.477 	0.000    	0.000    	2.250    	2.250    	0.000    	0.000    	210000000000.000	80769230769.231	2.684    	2.684    	5.368    	0.500    	0.500    	0.523    	0.000    	0.000    	0.000    
91.525   	4077.308 	0.000    	0.000    	2.247    	2.247    	0.000    	0.000    	210000000000.000	80769230769.231	2.625    	2.625    	5.251    	0.500    	0.500    	0.519    	0.000    	0.000    	0.000    
94.325   	4044.716 	0.000    	0.000    	2.214    	2.214    	0.000    	0.000    	210000000000.000	80769230769.231	2.563    	2.563    	5.126    	0.500    	0.500    	0.515    	0.000    	0.000    	0.000    
97.125   	3984.379 	0.000    	0.000    	2.180    	2.180    	0.000    	0.000    	210000000000.000	80769230769.231	2.450    	2.450    	4.900    	0.500    	0.500    	0.508    	0.000    	0.000    	0.000    
98.000   	3944.873 	0.000    	0.000    	2.170    	2.170    	0.000    	0.000    	210000000000.000	80769230769.231	2.378    	2.378    	4.755    	0.500    	0.500    	0.503    	0.000    	0.000    	0.000    
99.925   	3914.993 	0.000    	0.000    	2.147    	2.147    	0.000    	0.000    	210000000000.000	80769230769.231	2.324    	2.324    	4.648    	0.500    	0.500    	0.499    	0.000    	0.000    	0.000    
102.725  	3864.282 	0.000    	0.000    	2.114    	2.114    	0.000    	0.000    	210000000000.000	80769230769.231	2.235    	2.235    	4.470    	0.500    	0.500    	0.492    	0.000    	0.000    	0.000    
105.525  	3803.978 	0.000    	0.000    	2.081    	2.081    	0.000    	0.000    	210000000000.000	80769230769.231	2.132    	2.132    	4.264    	0.500    	0.500    	0.485    	0.000    	0.000    	0.000    
106.100  	3767.652 	0.000    	0.000    	2.074    	2.074    	0.000    	0.000    	210000000000.000	80769230769.231	2.071    	2.071    	4.143    	0.500    	0.500    	0.480    	0.000    	0.000    	0.000    
108.325  	3737.516 	0.000    	0.000    	2.048    	2.048    	0.000    	0.000    	210000000000.000	80769230769.231	2.022    	2.022    	4.044    	0.500    	0.500    	0.476    	0.000    	0.000    	0.000    
110.000  	3979.431 	0.000    	0.000    	2.028    	2.028    	0.000    	0.000    	210000000000.000	80769230769.231	2.105    	2.105    	4.209    	0.500    	0.500    	0.507    	0.000    	0.000    	0.000    
111.076  	3949.187 	0.000    	0.000    	2.016    	2.016    	0.000    	0.000    	210000000000.000	80769230769.231	2.057    	2.057    	4.114    	0.500    	0.500    	0.503    	0.000    	0.000    	0.000    
111.200  	3937.357 	0.000    	0.000    	2.016    	2.016    	0.000    	0.000    	210000000000.000	80769230769.231	2.038    	2.038    	4.077    	0.500    	0.500    	0.502    	0.000    	0.000    	0.000    
111.400  	4217.117 	0.000    	0.000    	2.015    	2.015    	0.000    	0.000    	210000000000.000	80769230769.231	2.182    	2.182    	4.364    	0.500    	0.500    	0.537    	0.000    	0.000    	0.000    
112.400  	5343.556 	0.000    	0.000    	2.020    	2.020    	0.000    	0.000    	210000000000.000	80769230769.231	2.767    	2.767    	5.533    	0.500    	0.500    	0.681    	0.000    	0.000    	0.000    
113.200  	18913.005	0.000    	0.000    	2.003    	2.003    	0.000    	0.000    	210000000000.000	80769230769.231	9.582    	9.582    	19.164   	0.500    	0.500    	2.409    	0.000    	0.000    	0.000    
113.400  	39078.025	0.000    	0.000    	1.944    	1.944    	0.000    	0.000    	210000000000.000	80769230769.231	18.889   	18.889   	37.777   	0.500    	0.500    	4.978    	0.000    	0.000    	0.000    
